{"subwayStation2IDMapper": {"\u91d1\u5b89\u6865": 0, "\u56db\u9053\u6865": 1, "\u6865\u6237\u8425": 2, "\u4e0a\u5cb8": 3, "\u6817\u56ed\u5e84": 4, "\u5c0f\u56ed": 5, "\u77f3\u5382": 6, "\u82f9\u679c\u56ed": 7, "\u53e4\u57ce": 8, "\u516b\u89d2\u6e38\u4e50\u56ed": 9, "\u516b\u5b9d\u5c71": 10, "\u7389\u6cc9\u8def": 11, "\u4e94\u68f5\u677e": 12, "\u4e07\u5bff\u8def": 13, "\u516c\u4e3b\u575f": 14, "\u519b\u4e8b\u535a\u7269\u9986": 15, "\u6728\u6a28\u5730": 16, "\u5357\u793c\u58eb\u8def": 17, "\u590d\u5174\u95e8": 18, "\u897f\u5355": 19, "\u5929\u5b89\u95e8\u897f": 20, "\u5929\u5b89\u95e8\u4e1c": 21, "\u738b\u5e9c\u4e95": 22, "\u4e1c\u5355": 23, "\u5efa\u56fd\u95e8": 24, "\u6c38\u5b89\u91cc": 25, "\u56fd\u8d38": 26, "\u5927\u671b\u8def": 27, "\u56db\u60e0": 28, "\u56db\u60e0\u4e1c": 29, "\u79ef\u6c34\u6f6d": 30, "\u9f13\u697c\u5927\u8857": 31, "\u5b89\u5b9a\u95e8": 32, "\u96cd\u548c\u5bab": 33, "\u4e1c\u76f4\u95e8": 34, "\u4e1c\u56db\u5341\u6761": 35, "\u671d\u9633\u95e8": 36, "\u5317\u4eac\u7ad9": 37, "\u5d07\u6587\u95e8": 38, "\u524d\u95e8": 39, "\u548c\u5e73\u95e8": 40, "\u5ba3\u6b66\u95e8": 41, "\u957f\u693f\u8857": 42, "\u961c\u6210\u95e8": 43, "\u8f66\u516c\u5e84": 44, "\u897f\u76f4\u95e8": 45, "\u5929\u5bab\u9662": 46, "\u751f\u7269\u533b\u836f\u57fa\u5730": 47, "\u4e49\u548c\u5e84": 48, "\u9ec4\u6751\u706b\u8f66\u7ad9": 49, "\u9ec4\u6751\u897f\u5927\u8857": 50, "\u6e05\u6e90\u8def": 51, "\u67a3\u56ed": 52, "\u9ad8\u7c73\u5e97\u5357": 53, "\u9ad8\u7c73\u5e97\u5317": 54, "\u897f\u7ea2\u95e8": 55, "\u65b0\u5bab": 56, "\u516c\u76ca\u897f\u6865": 57, "\u89d2\u95e8\u897f": 58, "\u9a6c\u5bb6\u5821": 59, "\u5317\u4eac\u5357\u7ad9": 60, "\u9676\u7136\u4ead": 61, "\u83dc\u5e02\u53e3": 62, "\u7075\u5883\u80e1\u540c": 63, "\u897f\u56db": 64, "\u5e73\u5b89\u91cc": 65, "\u65b0\u8857\u53e3": 66, "\u52a8\u7269\u56ed": 67, "\u56fd\u5bb6\u56fe\u4e66\u9986": 68, "\u9b4f\u516c\u6751": 69, "\u4eba\u6c11\u5927\u5b66": 70, "\u6d77\u6dc0\u9ec4\u5e84": 71, "\u4e2d\u5173\u6751": 72, "\u5317\u4eac\u5927\u5b66\u4e1c\u95e8": 73, "\u5706\u660e\u56ed": 74, "\u897f\u82d1": 75, "\u5317\u5bab\u95e8": 76, "\u5b89\u6cb3\u6865\u5317": 77, "\u5b8b\u5bb6\u5e84": 78, "\u5218\u5bb6\u7a91": 79, "\u84b2\u9ec4\u6986": 80, "\u5929\u575b\u4e1c\u95e8": 81, "\u78c1\u5668\u53e3": 82, "\u706f\u5e02\u53e3": 83, "\u4e1c\u56db": 84, "\u5f20\u81ea\u5fe0\u8def": 85, "\u5317\u65b0\u6865": 86, "\u548c\u5e73\u91cc\u5317\u8857": 87, "\u548c\u5e73\u897f\u6865": 88, "\u60e0\u65b0\u897f\u8857\u5357\u53e3": 89, "\u60e0\u65b0\u897f\u8857\u5317\u53e3": 90, "\u5927\u5c6f\u8def\u4e1c": 91, "\u5317\u82d1\u8def\u5317": 92, "\u7acb\u6c34\u6865\u5357": 93, "\u7acb\u6c34\u6865": 94, "\u5929\u901a\u82d1\u5357": 95, "\u5929\u901a\u82d1": 96, "\u5929\u901a\u82d1\u5317": 97, "\u6f5e\u57ce": 98, "\u4e1c\u590f\u56ed": 99, "\u90dd\u5bb6\u5e9c": 100, "\u5317\u8fd0\u6cb3\u4e1c": 101, "\u5317\u8fd0\u6cb3\u897f": 102, "\u901a\u5dde\u5317\u5173": 103, "\u7269\u8d44\u5b66\u9662\u8def": 104, "\u8349\u623f": 105, "\u5e38\u8425": 106, "\u9ec4\u6e20": 107, "\u8921\u88e2\u5761": 108, "\u9752\u5e74\u8def": 109, "\u5341\u91cc\u5821": 110, "\u91d1\u53f0\u8def": 111, "\u547c\u5bb6\u697c": 112, "\u4e1c\u5927\u6865": 113, "\u5357\u9523\u9f13\u5df7": 114, "\u5317\u6d77\u5317": 115, "\u8f66\u516c\u5e84\u897f": 116, "\u767d\u77f3\u6865\u5357": 117, "\u82b1\u56ed\u6865": 118, "\u6148\u5bff\u5bfa": 119, "\u6d77\u6dc0\u4e94\u8def\u5c45": 120, "\u7530\u6751": 121, "\u5ed6\u516c\u5e84": 122, "\u897f\u9ec4\u6751": 123, "\u6768\u5e84": 124, "\u82b1\u5e84": 125, "\u9ad8\u697c\u91d1": 126, "\u7fa4\u82b3": 127, "\u4e07\u76db\u4e1c": 128, "\u4e07\u76db\u897f": 129, "\u9ed1\u5e84\u6237": 130, "\u90ce\u8f9b\u5e84": 131, "\u9ec4\u5382": 132, "\u7126\u5316\u5382": 133, "\u53cc\u5408": 134, "\u57a1\u5934": 135, "\u6b22\u4e50\u8c37\u666f\u533a": 136, "\u5357\u697c\u6893\u5e84": 137, "\u5316\u5de5": 138, "\u767e\u5b50\u6e7e": 139, "\u5927\u90ca\u4ead": 140, "\u4e5d\u9f99\u5c71": 141, "\u53cc\u4e95": 142, "\u5e7f\u6e20\u95e8\u5916": 143, "\u5e7f\u6e20\u95e8\u5185": 144, "\u6865\u6e7e": 145, "\u73e0\u5e02\u53e3": 146, "\u864e\u574a\u6865": 147, "\u5e7f\u5b89\u95e8\u5185": 148, "\u8fbe\u5b98\u8425": 149, "\u6e7e\u5b50": 150, "\u5317\u4eac\u897f\u7ad9": 151, "\u4e2d\u56fd\u7f8e\u672f\u9986": 152, "\u4ec0\u5239\u6d77": 153, "\u5b89\u5fb7\u91cc\u5317\u8857": 154, "\u5b89\u534e\u6865": 155, "\u5317\u571f\u57ce": 156, "\u5965\u4f53\u4e2d\u5fc3": 157, "\u5965\u6797\u5339\u514b\u516c\u56ed": 158, "\u68ee\u6797\u516c\u56ed\u5357\u95e8": 159, "\u6797\u8403\u6865": 160, "\u6c38\u6cf0\u5e84": 161, "\u897f\u5c0f\u53e3": 162, "\u80b2\u65b0": 163, "\u970d\u8425": 164, "\u56de\u9f99\u89c2\u4e1c\u5927\u8857": 165, "\u5e73\u897f\u5e9c": 166, "\u80b2\u77e5\u8def": 167, "\u6731\u8f9b\u5e84": 168, "\u5929\u6865": 169, "\u6c38\u5b9a\u95e8\u5916": 170, "\u6728\u6a28\u56ed": 171, "\u6d77\u6237\u5c6f": 172, "\u5927\u7ea2\u95e8\u5357": 173, "\u548c\u4e49": 174, "\u4e1c\u9ad8\u5730": 175, "\u706b\u7bad\u4e07\u6e90": 176, "\u4e94\u798f\u5802": 177, "\u5fb7\u8302": 178, "\u701b\u6d77": 179, "\u90ed\u516c\u5e84": 180, "\u4e30\u53f0\u79d1\u6280\u56ed": 181, "\u79d1\u6021\u8def": 182, "\u4e30\u53f0\u5357\u8def": 183, "\u4e30\u53f0\u4e1c\u5927\u8857": 184, "\u4e03\u91cc\u5e84": 185, "\u516d\u91cc\u6865": 186, "\u516d\u91cc\u6865\u4e1c": 187, "\u767d\u5806\u5b50": 188, "\u5df4\u6c9f": 189, "\u82cf\u5dde\u8857": 190, "\u77e5\u6625\u91cc": 191, "\u77e5\u6625\u8def": 192, "\u897f\u571f\u57ce": 193, "\u7261\u4e39\u56ed": 194, "\u5065\u5fb7\u95e8": 195, "\u5b89\u8d1e\u95e8": 196, "\u828d\u836f\u5c45": 197, "\u592a\u9633\u5bab": 198, "\u4e09\u5143\u6865": 199, "\u4eae\u9a6c\u6865": 200, "\u519c\u4e1a\u5c55\u89c8\u9986": 201, "\u56e2\u7ed3\u6e56": 202, "\u91d1\u53f0\u5915\u7167": 203, "\u52b2\u677e": 204, "\u6f58\u5bb6\u56ed": 205, "\u5341\u91cc\u6cb3": 206, "\u5206\u949f\u5bfa": 207, "\u6210\u5bff\u5bfa": 208, "\u77f3\u69b4\u5e84": 209, "\u5927\u7ea2\u95e8": 210, "\u89d2\u95e8\u4e1c": 211, "\u8349\u6865": 212, "\u7eaa\u5bb6\u5e99": 213, "\u9996\u7ecf\u8d38": 214, "\u4e30\u53f0\u7ad9": 215, "\u6ce5\u6d3c": 216, "\u897f\u5c40": 217, "\u83b2\u82b1\u6865": 218, "\u897f\u9493\u9c7c\u53f0": 219, "\u8f66\u9053\u6c9f": 220, "\u957f\u6625\u6865": 221, "\u706b\u5668\u8425": 222, "\u5927\u949f\u5bfa": 223, "\u4e94\u9053\u53e3": 224, "\u4e0a\u5730": 225, "\u6e05\u6cb3": 226, "\u897f\u4e8c\u65d7": 227, "\u9f99\u6cfd": 228, "\u56de\u9f99\u89c2": 229, "\u5317\u82d1": 230, "\u671b\u4eac\u897f": 231, "\u5149\u7199\u95e8": 232, "\u67f3\u82b3": 233, "\u5584\u5404\u5e84": 234, "\u6765\u5e7f\u8425": 235, "\u4e1c\u6e56\u6e20": 236, "\u671b\u4eac": 237, "\u961c\u901a": 238, "\u671b\u4eac\u5357": 239, "\u5c06\u53f0": 240, "\u4e1c\u98ce\u5317\u6865": 241, "\u67a3\u8425": 242, "\u671d\u9633\u516c\u56ed": 243, "\u5e73\u4e50\u56ed": 244, "\u5317\u5de5\u5927\u897f\u95e8": 245, "\u65b9\u5e84": 246, "\u666f\u6cf0": 247, "\u5927\u4e95": 248, "\u90ed\u5e84\u5b50": 249, "\u5927\u74e6\u7a91": 250, "\u56ed\u535a\u56ed": 251, "\u5f20\u90ed\u5e84": 252, "\u4ff8\u4f2f": 253, "\u987a\u4e49": 254, "\u77f3\u95e8": 255, "\u5357\u6cd5\u4fe1": 256, "\u540e\u6c99\u5cea": 257, "\u82b1\u68a8\u574e": 258, "\u56fd\u5c55": 259, "\u5b59\u6cb3": 260, "\u9a6c\u6cc9\u8425": 261, "\u5d14\u5404\u5e84": 262, "\u671b\u4eac\u4e1c": 263, "\u5173\u5e84": 264, "\u5b89\u7acb\u8def": 265, "\u5317\u6c99\u6ee9": 266, "\u516d\u9053\u53e3": 267, "\u6e05\u534e\u4e1c\u8def\u897f\u53e3": 268, "\u5317\u5b89\u6cb3": 269, "\u6e29\u9633\u8def": 270, "\u7a3b\u9999\u6e56\u8def": 271, "\u5c6f\u4f43": 272, "\u6c38\u4e30": 273, "\u6c38\u4e30\u5357": 274, "\u897f\u5317\u65fa": 275, "\u9a6c\u8fde\u6d3c": 276, "\u519c\u5927\u5357\u8def": 277, "\u9ad8\u7891\u5e97": 278, "\u4f20\u5a92\u5927\u5b66": 279, "\u53cc\u6865": 280, "\u7ba1\u5e84": 281, "\u516b\u91cc\u6865": 282, "\u901a\u5dde\u5317\u82d1": 283, "\u679c\u56ed": 284, "\u4e5d\u68f5\u6811": 285, "\u68a8\u56ed": 286, "\u4e34\u6cb3\u91cc": 287, "\u571f\u6865": 288, "\u660c\u5e73\u897f\u5c71\u53e3": 289, "\u5341\u4e09\u9675\u666f\u533a": 290, "\u660c\u5e73": 291, "\u660c\u5e73\u4e1c\u5173": 292, "\u5317\u90b5\u6d3c": 293, "\u5357\u90b5": 294, "\u6c99\u6cb3\u9ad8\u6559\u56ed": 295, "\u6c99\u6cb3": 296, "\u5de9\u534e\u57ce": 297, "\u751f\u547d\u79d1\u5b66\u56ed": 298, "\u5927\u5174\u65b0\u57ce": 299, "\u5927\u5174\u673a\u573a": 300, "\u960e\u6751\u4e1c": 301, "\u82cf\u5e84": 302, "\u826f\u4e61\u5357\u5173": 303, "\u826f\u4e61\u5927\u5b66\u57ce\u897f": 304, "\u826f\u4e61\u5927\u5b66\u57ce": 305, "\u826f\u4e61\u5927\u5b66\u57ce\u5317": 306, "\u5e7f\u9633\u57ce": 307, "\u7bf1\u7b06\u623f": 308, "\u957f\u9633": 309, "\u7a3b\u7530": 310, "\u5927\u8446\u53f0": 311, "T3\u822a\u7ad9\u697c": 312, "T2\u822a\u7ad9\u697c": 313, "\u9890\u548c\u56ed\u897f\u95e8": 314, "\u8336\u68da": 315, "\u4e07\u5b89": 316, "\u690d\u7269\u56ed": 317, "\u9999\u5c71": 318, "\u7d2b\u8349\u575e": 319, "\u960e\u6751": 320, "\u661f\u57ce": 321, "\u5927\u77f3\u6cb3\u4e1c": 322, "\u9a6c\u5404\u5e84": 323, "\u9976\u4e50\u5e9c": 324, "\u623f\u5c71\u57ce\u5173": 325, "\u71d5\u5c71": 326, "\u8096\u6751": 327, "\u5c0f\u7ea2\u95e8": 328, "\u65e7\u5bab": 329, "\u4ea6\u5e84\u6865": 330, "\u4ea6\u5e84\u6587\u5316\u56ed": 331, "\u4e07\u6e90\u8857": 332, "\u8363\u4eac\u4e1c\u8857": 333, "\u8363\u660c\u4e1c\u8857": 334, "\u540c\u6d4e\u5357\u8def": 335, "\u7ecf\u6d77\u8def": 336, "\u6b21\u6e20\u5357": 337, "\u6b21\u6e20": 338, "\u4ea6\u5e84\u706b\u8f66\u7ad9": 339, "\u901a\u8fd0\u95e8": 340, "\u73af\u7403\u5ea6\u5047\u533a": 341, "\u9676\u7136\u6865": 342, "\u5357\u516b\u91cc\u5e84": 343, "\u7ea2\u5e99": 344, "\u9ad8\u5bb6\u56ed": 345}, "subwayID2StationMapper": ["\u91d1\u5b89\u6865", "\u56db\u9053\u6865", "\u6865\u6237\u8425", "\u4e0a\u5cb8", "\u6817\u56ed\u5e84", "\u5c0f\u56ed", "\u77f3\u5382", "\u82f9\u679c\u56ed", "\u53e4\u57ce", "\u516b\u89d2\u6e38\u4e50\u56ed", "\u516b\u5b9d\u5c71", "\u7389\u6cc9\u8def", "\u4e94\u68f5\u677e", "\u4e07\u5bff\u8def", "\u516c\u4e3b\u575f", "\u519b\u4e8b\u535a\u7269\u9986", "\u6728\u6a28\u5730", "\u5357\u793c\u58eb\u8def", "\u590d\u5174\u95e8", "\u897f\u5355", "\u5929\u5b89\u95e8\u897f", "\u5929\u5b89\u95e8\u4e1c", "\u738b\u5e9c\u4e95", "\u4e1c\u5355", "\u5efa\u56fd\u95e8", "\u6c38\u5b89\u91cc", "\u56fd\u8d38", "\u5927\u671b\u8def", "\u56db\u60e0", "\u56db\u60e0\u4e1c", "\u79ef\u6c34\u6f6d", "\u9f13\u697c\u5927\u8857", "\u5b89\u5b9a\u95e8", "\u96cd\u548c\u5bab", "\u4e1c\u76f4\u95e8", "\u4e1c\u56db\u5341\u6761", "\u671d\u9633\u95e8", "\u5317\u4eac\u7ad9", "\u5d07\u6587\u95e8", "\u524d\u95e8", "\u548c\u5e73\u95e8", "\u5ba3\u6b66\u95e8", "\u957f\u693f\u8857", "\u961c\u6210\u95e8", "\u8f66\u516c\u5e84", "\u897f\u76f4\u95e8", "\u5929\u5bab\u9662", "\u751f\u7269\u533b\u836f\u57fa\u5730", "\u4e49\u548c\u5e84", "\u9ec4\u6751\u706b\u8f66\u7ad9", "\u9ec4\u6751\u897f\u5927\u8857", "\u6e05\u6e90\u8def", "\u67a3\u56ed", "\u9ad8\u7c73\u5e97\u5357", "\u9ad8\u7c73\u5e97\u5317", "\u897f\u7ea2\u95e8", "\u65b0\u5bab", "\u516c\u76ca\u897f\u6865", "\u89d2\u95e8\u897f", "\u9a6c\u5bb6\u5821", "\u5317\u4eac\u5357\u7ad9", "\u9676\u7136\u4ead", "\u83dc\u5e02\u53e3", "\u7075\u5883\u80e1\u540c", "\u897f\u56db", "\u5e73\u5b89\u91cc", "\u65b0\u8857\u53e3", "\u52a8\u7269\u56ed", "\u56fd\u5bb6\u56fe\u4e66\u9986", "\u9b4f\u516c\u6751", "\u4eba\u6c11\u5927\u5b66", "\u6d77\u6dc0\u9ec4\u5e84", "\u4e2d\u5173\u6751", "\u5317\u4eac\u5927\u5b66\u4e1c\u95e8", "\u5706\u660e\u56ed", "\u897f\u82d1", "\u5317\u5bab\u95e8", "\u5b89\u6cb3\u6865\u5317", "\u5b8b\u5bb6\u5e84", "\u5218\u5bb6\u7a91", "\u84b2\u9ec4\u6986", "\u5929\u575b\u4e1c\u95e8", "\u78c1\u5668\u53e3", "\u706f\u5e02\u53e3", "\u4e1c\u56db", "\u5f20\u81ea\u5fe0\u8def", "\u5317\u65b0\u6865", "\u548c\u5e73\u91cc\u5317\u8857", "\u548c\u5e73\u897f\u6865", "\u60e0\u65b0\u897f\u8857\u5357\u53e3", "\u60e0\u65b0\u897f\u8857\u5317\u53e3", "\u5927\u5c6f\u8def\u4e1c", "\u5317\u82d1\u8def\u5317", "\u7acb\u6c34\u6865\u5357", "\u7acb\u6c34\u6865", "\u5929\u901a\u82d1\u5357", "\u5929\u901a\u82d1", "\u5929\u901a\u82d1\u5317", "\u6f5e\u57ce", "\u4e1c\u590f\u56ed", "\u90dd\u5bb6\u5e9c", "\u5317\u8fd0\u6cb3\u4e1c", "\u5317\u8fd0\u6cb3\u897f", "\u901a\u5dde\u5317\u5173", "\u7269\u8d44\u5b66\u9662\u8def", "\u8349\u623f", "\u5e38\u8425", "\u9ec4\u6e20", "\u8921\u88e2\u5761", "\u9752\u5e74\u8def", "\u5341\u91cc\u5821", "\u91d1\u53f0\u8def", "\u547c\u5bb6\u697c", "\u4e1c\u5927\u6865", "\u5357\u9523\u9f13\u5df7", "\u5317\u6d77\u5317", "\u8f66\u516c\u5e84\u897f", "\u767d\u77f3\u6865\u5357", "\u82b1\u56ed\u6865", "\u6148\u5bff\u5bfa", "\u6d77\u6dc0\u4e94\u8def\u5c45", "\u7530\u6751", "\u5ed6\u516c\u5e84", "\u897f\u9ec4\u6751", "\u6768\u5e84", "\u82b1\u5e84", "\u9ad8\u697c\u91d1", "\u7fa4\u82b3", "\u4e07\u76db\u4e1c", "\u4e07\u76db\u897f", "\u9ed1\u5e84\u6237", "\u90ce\u8f9b\u5e84", "\u9ec4\u5382", "\u7126\u5316\u5382", "\u53cc\u5408", "\u57a1\u5934", "\u6b22\u4e50\u8c37\u666f\u533a", "\u5357\u697c\u6893\u5e84", "\u5316\u5de5", "\u767e\u5b50\u6e7e", "\u5927\u90ca\u4ead", "\u4e5d\u9f99\u5c71", "\u53cc\u4e95", "\u5e7f\u6e20\u95e8\u5916", "\u5e7f\u6e20\u95e8\u5185", "\u6865\u6e7e", "\u73e0\u5e02\u53e3", "\u864e\u574a\u6865", "\u5e7f\u5b89\u95e8\u5185", "\u8fbe\u5b98\u8425", "\u6e7e\u5b50", "\u5317\u4eac\u897f\u7ad9", "\u4e2d\u56fd\u7f8e\u672f\u9986", "\u4ec0\u5239\u6d77", "\u5b89\u5fb7\u91cc\u5317\u8857", "\u5b89\u534e\u6865", "\u5317\u571f\u57ce", "\u5965\u4f53\u4e2d\u5fc3", "\u5965\u6797\u5339\u514b\u516c\u56ed", "\u68ee\u6797\u516c\u56ed\u5357\u95e8", "\u6797\u8403\u6865", "\u6c38\u6cf0\u5e84", "\u897f\u5c0f\u53e3", "\u80b2\u65b0", "\u970d\u8425", "\u56de\u9f99\u89c2\u4e1c\u5927\u8857", "\u5e73\u897f\u5e9c", "\u80b2\u77e5\u8def", "\u6731\u8f9b\u5e84", "\u5929\u6865", "\u6c38\u5b9a\u95e8\u5916", "\u6728\u6a28\u56ed", "\u6d77\u6237\u5c6f", "\u5927\u7ea2\u95e8\u5357", "\u548c\u4e49", "\u4e1c\u9ad8\u5730", "\u706b\u7bad\u4e07\u6e90", "\u4e94\u798f\u5802", "\u5fb7\u8302", "\u701b\u6d77", "\u90ed\u516c\u5e84", "\u4e30\u53f0\u79d1\u6280\u56ed", "\u79d1\u6021\u8def", "\u4e30\u53f0\u5357\u8def", "\u4e30\u53f0\u4e1c\u5927\u8857", "\u4e03\u91cc\u5e84", "\u516d\u91cc\u6865", "\u516d\u91cc\u6865\u4e1c", "\u767d\u5806\u5b50", "\u5df4\u6c9f", "\u82cf\u5dde\u8857", "\u77e5\u6625\u91cc", "\u77e5\u6625\u8def", "\u897f\u571f\u57ce", "\u7261\u4e39\u56ed", "\u5065\u5fb7\u95e8", "\u5b89\u8d1e\u95e8", "\u828d\u836f\u5c45", "\u592a\u9633\u5bab", "\u4e09\u5143\u6865", "\u4eae\u9a6c\u6865", "\u519c\u4e1a\u5c55\u89c8\u9986", "\u56e2\u7ed3\u6e56", "\u91d1\u53f0\u5915\u7167", "\u52b2\u677e", "\u6f58\u5bb6\u56ed", "\u5341\u91cc\u6cb3", "\u5206\u949f\u5bfa", "\u6210\u5bff\u5bfa", "\u77f3\u69b4\u5e84", "\u5927\u7ea2\u95e8", "\u89d2\u95e8\u4e1c", "\u8349\u6865", "\u7eaa\u5bb6\u5e99", "\u9996\u7ecf\u8d38", "\u4e30\u53f0\u7ad9", "\u6ce5\u6d3c", "\u897f\u5c40", "\u83b2\u82b1\u6865", "\u897f\u9493\u9c7c\u53f0", "\u8f66\u9053\u6c9f", "\u957f\u6625\u6865", "\u706b\u5668\u8425", "\u5927\u949f\u5bfa", "\u4e94\u9053\u53e3", "\u4e0a\u5730", "\u6e05\u6cb3", "\u897f\u4e8c\u65d7", "\u9f99\u6cfd", "\u56de\u9f99\u89c2", "\u5317\u82d1", "\u671b\u4eac\u897f", "\u5149\u7199\u95e8", "\u67f3\u82b3", "\u5584\u5404\u5e84", "\u6765\u5e7f\u8425", "\u4e1c\u6e56\u6e20", "\u671b\u4eac", "\u961c\u901a", "\u671b\u4eac\u5357", "\u5c06\u53f0", "\u4e1c\u98ce\u5317\u6865", "\u67a3\u8425", "\u671d\u9633\u516c\u56ed", "\u5e73\u4e50\u56ed", "\u5317\u5de5\u5927\u897f\u95e8", "\u65b9\u5e84", "\u666f\u6cf0", "\u5927\u4e95", "\u90ed\u5e84\u5b50", "\u5927\u74e6\u7a91", "\u56ed\u535a\u56ed", "\u5f20\u90ed\u5e84", "\u4ff8\u4f2f", "\u987a\u4e49", "\u77f3\u95e8", "\u5357\u6cd5\u4fe1", "\u540e\u6c99\u5cea", "\u82b1\u68a8\u574e", "\u56fd\u5c55", "\u5b59\u6cb3", "\u9a6c\u6cc9\u8425", "\u5d14\u5404\u5e84", "\u671b\u4eac\u4e1c", "\u5173\u5e84", "\u5b89\u7acb\u8def", "\u5317\u6c99\u6ee9", "\u516d\u9053\u53e3", "\u6e05\u534e\u4e1c\u8def\u897f\u53e3", "\u5317\u5b89\u6cb3", "\u6e29\u9633\u8def", "\u7a3b\u9999\u6e56\u8def", "\u5c6f\u4f43", "\u6c38\u4e30", "\u6c38\u4e30\u5357", "\u897f\u5317\u65fa", "\u9a6c\u8fde\u6d3c", "\u519c\u5927\u5357\u8def", "\u9ad8\u7891\u5e97", "\u4f20\u5a92\u5927\u5b66", "\u53cc\u6865", "\u7ba1\u5e84", "\u516b\u91cc\u6865", "\u901a\u5dde\u5317\u82d1", "\u679c\u56ed", "\u4e5d\u68f5\u6811", "\u68a8\u56ed", "\u4e34\u6cb3\u91cc", "\u571f\u6865", "\u660c\u5e73\u897f\u5c71\u53e3", "\u5341\u4e09\u9675\u666f\u533a", "\u660c\u5e73", "\u660c\u5e73\u4e1c\u5173", "\u5317\u90b5\u6d3c", "\u5357\u90b5", "\u6c99\u6cb3\u9ad8\u6559\u56ed", "\u6c99\u6cb3", "\u5de9\u534e\u57ce", "\u751f\u547d\u79d1\u5b66\u56ed", "\u5927\u5174\u65b0\u57ce", "\u5927\u5174\u673a\u573a", "\u960e\u6751\u4e1c", "\u82cf\u5e84", "\u826f\u4e61\u5357\u5173", "\u826f\u4e61\u5927\u5b66\u57ce\u897f", "\u826f\u4e61\u5927\u5b66\u57ce", "\u826f\u4e61\u5927\u5b66\u57ce\u5317", "\u5e7f\u9633\u57ce", "\u7bf1\u7b06\u623f", "\u957f\u9633", "\u7a3b\u7530", "\u5927\u8446\u53f0", "T3\u822a\u7ad9\u697c", "T2\u822a\u7ad9\u697c", "\u9890\u548c\u56ed\u897f\u95e8", "\u8336\u68da", "\u4e07\u5b89", "\u690d\u7269\u56ed", "\u9999\u5c71", "\u7d2b\u8349\u575e", "\u960e\u6751", "\u661f\u57ce", "\u5927\u77f3\u6cb3\u4e1c", "\u9a6c\u5404\u5e84", "\u9976\u4e50\u5e9c", "\u623f\u5c71\u57ce\u5173", "\u71d5\u5c71", "\u8096\u6751", "\u5c0f\u7ea2\u95e8", "\u65e7\u5bab", "\u4ea6\u5e84\u6865", "\u4ea6\u5e84\u6587\u5316\u56ed", "\u4e07\u6e90\u8857", "\u8363\u4eac\u4e1c\u8857", "\u8363\u660c\u4e1c\u8857", "\u540c\u6d4e\u5357\u8def", "\u7ecf\u6d77\u8def", "\u6b21\u6e20\u5357", "\u6b21\u6e20", "\u4ea6\u5e84\u706b\u8f66\u7ad9", "\u901a\u8fd0\u95e8", "\u73af\u7403\u5ea6\u5047\u533a", "\u9676\u7136\u6865", "\u5357\u516b\u91cc\u5e84", "\u7ea2\u5e99", "\u9ad8\u5bb6\u56ed"], "subwayEdgeList": [[8, 9, 1921], [9, 8, 1921], [9, 10, 1953], [10, 9, 1953], [10, 11, 1479], [11, 10, 1479], [11, 12, 1810], [12, 11, 1810], [12, 13, 1778], [13, 12, 1778], [13, 14, 1313], [14, 13, 1313], [14, 15, 1172], [15, 14, 1172], [15, 16, 1166], [16, 15, 1166], [16, 17, 1291], [17, 16, 1291], [17, 18, 424], [18, 17, 424], [18, 19, 1590], [19, 18, 1590], [19, 20, 1217], [20, 19, 1217], [20, 21, 925], [21, 20, 925], [21, 22, 852], [22, 21, 852], [22, 23, 774], [23, 22, 774], [23, 24, 1230], [24, 23, 1230], [24, 25, 1377], [25, 24, 1377], [25, 26, 790], [26, 25, 790], [26, 27, 1385], [27, 26, 1385], [27, 28, 1673], [28, 27, 1673], [28, 29, 1714], [29, 28, 1714], [45, 44, 909], [45, 30, 1899], [44, 45, 909], [44, 43, 960], [43, 44, 960], [43, 18, 1832], [18, 43, 1832], [18, 42, 1234], [42, 18, 1234], [42, 41, 929], [41, 42, 929], [41, 40, 851], [40, 41, 851], [40, 39, 1171], [39, 40, 1171], [39, 38, 1634], [38, 39, 1634], [38, 37, 1023], [37, 38, 1023], [37, 24, 945], [24, 37, 945], [24, 36, 1763], [36, 24, 1763], [36, 35, 1027], [35, 36, 1027], [35, 34, 824], [34, 35, 824], [34, 33, 2228], [33, 34, 2228], [33, 32, 794], [32, 33, 794], [32, 31, 1237], [31, 32, 1237], [31, 30, 1766], [30, 45, 1899], [30, 31, 1766], [77, 76, 1363], [76, 77, 1363], [76, 75, 1251], [75, 76, 1251], [75, 74, 1672], [74, 75, 1672], [74, 73, 1295], [73, 74, 1295], [73, 72, 887], [72, 73, 887], [72, 71, 900], [71, 72, 900], [71, 70, 1063], [70, 71, 1063], [70, 69, 1051], [69, 70, 1051], [69, 68, 1658], [68, 69, 1658], [68, 67, 1517], [67, 68, 1517], [67, 45, 1441], [45, 67, 1441], [45, 66, 1025], [66, 45, 1025], [66, 65, 1100], [65, 66, 1100], [65, 64, 1100], [64, 65, 1100], [64, 63, 869], [63, 64, 869], [63, 19, 1011], [19, 63, 1011], [19, 41, 815], [41, 19, 815], [41, 62, 1152], [62, 41, 1152], [62, 61, 1200], [61, 62, 1200], [61, 60, 1643], [60, 61, 1643], [60, 59, 1480], [59, 60, 1480], [59, 58, 827], [58, 59, 827], [58, 57, 989], [57, 58, 989], [97, 96, 939], [96, 97, 939], [96, 95, 965], [95, 96, 965], [95, 94, 1544], [94, 95, 1544], [94, 93, 1305], [93, 94, 1305], [93, 92, 1286], [92, 93, 1286], [92, 91, 3000], [91, 92, 3000], [91, 90, 1838], [90, 91, 1838], [90, 89, 1122], [89, 90, 1122], [89, 88, 1025], [88, 89, 1025], [88, 87, 1059], [87, 88, 1059], [87, 33, 1151], [33, 87, 1151], [33, 86, 866], [86, 33, 866], [86, 85, 791], [85, 86, 791], [85, 84, 1016], [84, 85, 1016], [84, 83, 848], [83, 84, 848], [83, 23, 945], [23, 83, 945], [23, 38, 821], [38, 23, 821], [38, 82, 876], [82, 38, 876], [82, 81, 1183], [81, 82, 1183], [81, 80, 1900], [80, 81, 1900], [80, 79, 905], [79, 80, 905], [79, 78, 1670], [78, 79, 1670], [0, 7, 1438], [7, 0, 1438], [7, 124, 839], [124, 7, 839], [124, 123, 1792], [123, 124, 1792], [123, 122, 1794], [122, 123, 1794], [122, 121, 2276], [121, 122, 2276], [121, 120, 2140], [120, 121, 2140], [120, 119, 1508], [119, 120, 1508], [119, 118, 1431], [118, 119, 1431], [118, 117, 1166], [117, 118, 1166], [117, 116, 1664], [116, 117, 1664], [116, 44, 887], [44, 116, 887], [44, 65, 1443], [65, 44, 1443], [65, 115, 1321], [115, 65, 1321], [115, 114, 1349], [114, 115, 1349], [114, 84, 1937], [84, 114, 1937], [84, 36, 1399], [36, 84, 1399], [36, 113, 1668], [113, 36, 1668], [113, 112, 845], [112, 113, 845], [112, 111, 1450], [111, 112, 1450], [111, 110, 2036], [110, 111, 2036], [110, 109, 1282], [109, 110, 1282], [109, 108, 3999], [108, 109, 3999], [108, 107, 1238], [107, 108, 1238], [107, 106, 1854], [106, 107, 1854], [106, 105, 1405], [105, 106, 1405], [105, 104, 2115], [104, 105, 2115], [104, 103, 2557], [103, 104, 2557], [103, 340, 1468], [340, 103, 1468], [340, 102, 1543], [102, 340, 1543], [102, 101, 1599], [101, 102, 1599], [101, 100, 929], [100, 101, 929], [100, 99, 1346], [99, 100, 1346], [99, 98, 1194], [98, 99, 1194], [151, 150, 935], [150, 151, 935], [150, 149, 734], [149, 150, 734], [149, 148, 1874], [148, 149, 1874], [148, 62, 1374], [62, 148, 1374], [62, 147, 885], [147, 62, 885], [147, 146, 1205], [146, 147, 1205], [146, 145, 869], [145, 146, 869], [145, 82, 1016], [82, 145, 1016], [82, 144, 1138], [144, 82, 1138], [144, 143, 1332], [143, 144, 1332], [143, 142, 1241], [142, 143, 1241], [142, 141, 1311], [141, 142, 1311], [141, 140, 781], [140, 141, 781], [140, 139, 865], [139, 140, 865], [139, 138, 903], [138, 139, 903], [138, 137, 1464], [137, 138, 1464], [137, 136, 906], [136, 137, 906], [136, 135, 1679], [135, 136, 1679], [135, 134, 1304], [134, 135, 1304], [134, 133, 1021], [133, 134, 1021], [133, 132, 1678], [132, 133, 1678], [132, 131, 1752], [131, 132, 1752], [131, 130, 2517], [130, 131, 2517], [130, 129, 2961], [129, 130, 2961], [129, 128, 2110], [128, 129, 2110], [128, 127, 1160], [127, 128, 1160], [127, 126, 1195], [126, 127, 1195], [126, 125, 1425], [125, 126, 1425], [125, 341, 1769], [341, 125, 1769], [168, 167, 2318], [167, 168, 2318], [167, 166, 1985], [166, 167, 1985], [166, 165, 2056], [165, 166, 2056], [165, 164, 1114], [164, 165, 1114], [164, 163, 1894], [163, 164, 1894], [163, 162, 1543], [162, 163, 1543], [162, 161, 1041], [161, 162, 1041], [161, 160, 2553], [160, 161, 2553], [160, 159, 2555], [159, 160, 2555], [159, 158, 1016], [158, 159, 1016], [158, 157, 1667], [157, 158, 1667], [157, 156, 900], [156, 157, 900], [156, 155, 1018], [155, 156, 1018], [155, 154, 1274], [154, 155, 1274], [154, 31, 1083], [31, 154, 1083], [31, 153, 1188], [153, 31, 1188], [153, 114, 902], [114, 153, 902], [114, 152, 1437], [152, 114, 1437], [146, 169, 881], [169, 146, 881], [169, 170, 1800], [170, 169, 1800], [170, 171, 741], [171, 170, 741], [171, 172, 845], [172, 171, 845], [172, 210, 853], [210, 172, 853], [210, 173, 825], [173, 210, 825], [173, 174, 2446], [174, 173, 2446], [174, 175, 1537], [175, 174, 1537], [175, 176, 1215], [176, 175, 1215], [176, 177, 1684], [177, 176, 1684], [177, 178, 2076], [178, 177, 2076], [178, 179, 1510], [179, 178, 1510], [68, 117, 1096], [117, 68, 1096], [117, 188, 943], [188, 117, 943], [188, 15, 1912], [15, 188, 1912], [15, 151, 1398], [151, 15, 1398], [151, 187, 1170], [187, 151, 1170], [187, 186, 1309], [186, 187, 1309], [186, 185, 1778], [185, 186, 1778], [185, 184, 1325], [184, 185, 1325], [184, 183, 1585], [183, 184, 1585], [183, 182, 980], [182, 183, 980], [182, 181, 788], [181, 182, 788], [181, 180, 1347], [180, 181, 1347], [189, 190, 1110], [190, 189, 1110], [190, 71, 950], [71, 190, 950], [71, 191, 975], [191, 71, 975], [191, 192, 1058], [192, 191, 1058], [192, 193, 1101], [193, 192, 1101], [193, 194, 1330], [194, 193, 1330], [194, 195, 973], [195, 194, 973], [195, 156, 1100], [156, 195, 1100], [156, 196, 1020], [196, 156, 1020], [196, 89, 982], [89, 196, 982], [89, 197, 1712], [197, 89, 1712], [197, 198, 1003], [198, 197, 1003], [198, 199, 1759], [199, 198, 1759], [199, 200, 1506], [200, 199, 1506], [200, 201, 914], [201, 200, 914], [201, 202, 853], [202, 201, 853], [202, 112, 1149], [112, 202, 1149], [112, 203, 734], [203, 112, 734], [203, 26, 835], [26, 203, 835], [26, 142, 1759], [142, 26, 1759], [142, 204, 1006], [204, 142, 1006], [204, 205, 1021], [205, 204, 1021], [205, 206, 1097], [206, 205, 1097], [206, 207, 1804], [207, 206, 1804], [207, 208, 1058], [208, 207, 1058], [208, 78, 1677], [78, 208, 1677], [78, 209, 1269], [209, 78, 1269], [209, 210, 1244], [210, 209, 1244], [210, 211, 1130], [211, 210, 1130], [211, 58, 1254], [58, 211, 1254], [58, 212, 1688], [212, 58, 1688], [212, 213, 1547], [213, 212, 1547], [213, 214, 1143], [214, 213, 1143], [214, 215, 1717], [215, 214, 1717], [215, 216, 954], [216, 215, 954], [216, 217, 749], [217, 216, 749], [217, 186, 1584], [186, 217, 1584], [186, 218, 2392], [218, 186, 2392], [218, 14, 1016], [14, 218, 1016], [14, 219, 2386], [219, 14, 2386], [219, 119, 1214], [119, 219, 1214], [119, 220, 1590], [220, 119, 1590], [220, 221, 1205], [221, 220, 1205], [221, 222, 961], [222, 221, 961], [222, 189, 1495], [189, 222, 1495], [45, 223, 2839], [223, 45, 2839], [223, 192, 1206], [192, 223, 1206], [192, 224, 1829], [224, 192, 1829], [224, 225, 4866], [225, 224, 4866], [225, 226, 1036], [226, 225, 1036], [226, 227, 1545], [227, 226, 1545], [227, 228, 3623], [228, 227, 3623], [228, 229, 1423], [229, 228, 1423], [229, 164, 2110], [164, 229, 2110], [164, 94, 4785], [94, 164, 4785], [94, 230, 2272], [230, 94, 2272], [230, 231, 6720], [231, 230, 6720], [231, 197, 2152], [197, 231, 2152], [197, 232, 1110], [232, 197, 1110], [232, 233, 1135], [233, 232, 1135], [233, 34, 1769], [34, 233, 1769], [252, 251, 1345], [251, 252, 1345], [251, 250, 4073], [250, 251, 4073], [250, 249, 1236], [249, 250, 1236], [249, 248, 2044], [248, 249, 2044], [248, 185, 1579], [185, 248, 1579], [185, 217, 845], [217, 185, 845], [60, 342, 887], [342, 60, 887], [342, 170, 1063], [170, 342, 1063], [170, 247, 1119], [247, 170, 1119], [247, 80, 1025], [80, 247, 1025], [80, 246, 1486], [246, 80, 1486], [246, 206, 1618], [206, 246, 1618], [206, 343, 1147], [343, 206, 1147], [343, 245, 1276], [245, 343, 1276], [245, 244, 1128], [244, 245, 1128], [244, 141, 897], [141, 244, 897], [141, 27, 1780], [27, 141, 1780], [27, 344, 708], [344, 27, 708], [344, 111, 894], [111, 344, 894], [111, 243, 1085], [243, 111, 1085], [243, 242, 1221], [242, 243, 1221], [242, 241, 2173], [241, 242, 2173], [241, 240, 1600], [240, 241, 1600], [240, 345, 1171], [345, 240, 1171], [345, 239, 676], [239, 345, 676], [239, 238, 1168], [238, 239, 1168], [238, 237, 903], [237, 238, 903], [237, 236, 1283], [236, 237, 1283], [236, 235, 1100], [235, 236, 1100], [235, 234, 1364], [234, 235, 1364], [268, 267, 1144], [267, 268, 1144], [267, 266, 1337], [266, 267, 1337], [266, 158, 1999], [158, 266, 1999], [158, 265, 1368], [265, 158, 1368], [265, 91, 938], [91, 265, 938], [91, 264, 1087], [264, 91, 1087], [264, 231, 2071], [231, 264, 2071], [231, 237, 1758], [237, 231, 1758], [237, 263, 1652], [263, 237, 1652], [263, 262, 2295], [262, 263, 2295], [262, 261, 2008], [261, 262, 2008], [261, 260, 3309], [260, 261, 3309], [260, 259, 3386], [259, 260, 3386], [259, 258, 1615], [258, 259, 1615], [258, 257, 3354], [257, 258, 3354], [257, 256, 4576], [256, 257, 4576], [256, 255, 2712], [255, 256, 2712], [255, 254, 1331], [254, 255, 1331], [254, 253, 2441], [253, 254, 2441], [269, 270, 2653], [270, 269, 2653], [270, 271, 2310], [271, 270, 2310], [271, 272, 2352], [272, 271, 2352], [272, 273, 1961], [273, 272, 1961], [273, 274, 1315], [274, 273, 1315], [274, 275, 2108], [275, 274, 2108], [275, 276, 2196], [276, 275, 2196], [276, 277, 1517], [277, 276, 1517], [277, 75, 2690], [75, 277, 2690], [212, 299, 13028], [299, 212, 13028], [299, 300, 25303], [300, 299, 25303], [318, 317, 983], [317, 318, 983], [317, 316, 1733], [316, 317, 1733], [316, 315, 1550], [315, 316, 1550], [315, 314, 1505], [314, 315, 1505], [314, 189, 2922], [189, 314, 2922], [6, 5, 1297], [5, 6, 1297], [5, 4, 1266], [4, 5, 1266], [4, 3, 1044], [3, 4, 1044], [3, 2, 1065], [2, 3, 1065], [2, 1, 834], [1, 2, 834], [1, 0, 2710], [0, 1, 2710], [326, 325, 2076], [325, 326, 2076], [325, 324, 1777], [324, 325, 1777], [324, 323, 984], [323, 324, 984], [323, 322, 2087], [322, 323, 2087], [322, 321, 1929], [321, 322, 1929], [321, 320, 1649], [320, 321, 1649], [320, 319, 1210], [319, 320, 1210], [319, 301, 1541], [301, 319, 1541], [57, 56, 2798], [56, 57, 2798], [56, 55, 5102], [55, 56, 5102], [55, 54, 1810], [54, 55, 1810], [54, 53, 1128], [53, 54, 1128], [53, 52, 1096], [52, 53, 1096], [52, 51, 1200], [51, 52, 1200], [51, 50, 1214], [50, 51, 1214], [50, 49, 987], [49, 50, 987], [49, 48, 2035], [48, 49, 2035], [48, 47, 2918], [47, 48, 2918], [47, 46, 1811], [46, 47, 1811], [289, 290, 1213], [290, 289, 1213], [290, 291, 3508], [291, 290, 3508], [291, 292, 2433], [292, 291, 2433], [292, 293, 1683], [293, 292, 1683], [293, 294, 1958], [294, 293, 1958], [294, 295, 5357], [295, 294, 5357], [295, 296, 1964], [296, 295, 1964], [296, 297, 2025], [297, 296, 2025], [297, 168, 3799], [168, 297, 3799], [168, 298, 2367], [298, 168, 2367], [298, 227, 5440], [227, 298, 5440], [180, 311, 1405], [311, 180, 1405], [311, 310, 6466], [310, 311, 6466], [310, 309, 4041], [309, 310, 4041], [309, 308, 2150], [308, 309, 2150], [308, 307, 1474], [307, 308, 1474], [307, 306, 2003], [306, 307, 2003], [306, 305, 1188], [305, 306, 1188], [305, 304, 1738], [304, 305, 1738], [304, 303, 1332], [303, 304, 1332], [303, 302, 1330], [302, 303, 1330], [302, 301, 2200], [301, 302, 2200], [78, 327, 2631], [327, 78, 2631], [327, 328, 1275], [328, 327, 1275], [328, 329, 2366], [329, 328, 2366], [329, 330, 1982], [330, 329, 1982], [330, 331, 993], [331, 330, 993], [331, 332, 1728], [332, 331, 1728], [332, 333, 1090], [333, 332, 1090], [333, 334, 1355], [334, 333, 1355], [334, 335, 2337], [335, 334, 2337], [335, 336, 2301], [336, 335, 2301], [336, 337, 2055], [337, 336, 2055], [337, 338, 1281], [338, 337, 1281], [338, 339, 1334], [339, 338, 1334], [28, 29, 1715], [29, 28, 1715], [29, 278, 1375], [278, 29, 1375], [278, 279, 2002], [279, 278, 2002], [279, 280, 1894], [280, 279, 1894], [280, 281, 1912], [281, 280, 1912], [281, 282, 1763], [282, 281, 1763], [282, 283, 1700], [283, 282, 1700], [283, 284, 1465], [284, 283, 1465], [284, 285, 990], [285, 284, 990], [285, 286, 1225], [286, 285, 1225], [286, 287, 1257], [287, 286, 1257], [287, 288, 776], [288, 287, 776], [288, 125, 2238], [125, 288, 2238], [125, 341, 1863], [341, 125, 1863], [34, 199, 3022], [199, 34, 3022], [199, 312, 18322], [313, 199, 20738], [312, 313, 7243]], "subwayLineName2IDMapper": {"S1\u7ebf": 0, "1\u53f7\u7ebf": 1, "2\u53f7\u7ebf": 2, "4\u53f7\u7ebf\u5927\u5174\u7ebf": 3, "5\u53f7\u7ebf": 4, "6\u53f7\u7ebf": 5, "7\u53f7\u7ebf": 6, "8\u53f7\u7ebf": 7, "8\u53f7\u7ebf\u5357\u6bb5": 8, "9\u53f7\u7ebf": 9, "10\u53f7\u7ebf": 10, "13\u53f7\u7ebf": 11, "14\u53f7\u7ebf\u4e1c\u6bb5": 12, "14\u53f7\u7ebf\u897f\u6bb5": 13, "15\u53f7\u7ebf": 14, "16\u53f7\u7ebf": 15, "\u516b\u901a\u7ebf": 16, "\u660c\u5e73\u7ebf": 17, "\u5927\u5174\u56fd\u9645\u673a\u573a\u7ebf": 18, "\u623f\u5c71\u7ebf": 19, "\u9996\u90fd\u673a\u573a\u7ebf": 20, "\u897f\u90ca\u7ebf": 21, "\u71d5\u623f\u7ebf": 22, "\u4ea6\u5e84\u7ebf": 23}, "subwayStationID2LineIDMapper": [[0, 5], [0], [0], [0], [0], [0], [0], [1], [1], [1], [1], [1], [1], [1], [1, 10], [1, 9], [1], [1], [1, 2], [1, 3], [1], [1], [1], [1, 4], [1, 2], [1], [1, 10], [1, 12], [1, 16], [1, 16], [2], [2, 7], [2], [2, 4], [2, 11, 20], [2], [2, 5], [2], [2, 4], [2], [2], [2, 3], [2], [2], [2, 5], [2, 3, 11], [3], [3], [3], [3], [3], [3], [3], [3], [3], [3], [3], [3], [3, 10], [3], [3, 12], [3], [3, 6], [3], [3], [3, 5], [3], [3], [3, 9], [3], [3], [3, 10], [3], [3], [3], [3, 15], [3], [3], [4, 10, 23], [4], [4, 12], [4], [4, 6], [4], [4, 5], [4], [4], [4], [4], [4, 10], [4], [4, 14], [4], [4], [4, 11], [4], [4], [4], [5], [5], [5], [5], [5], [5], [5], [5], [5], [5], [5], [5], [5], [5, 12], [5, 10], [5], [5, 7], [5], [5], [5, 9], [5], [5, 10], [5], [5], [5], [5], [5], [6, 16], [6], [6], [6], [6], [6], [6], [6], [6], [6], [6], [6], [6], [6], [6], [6], [6, 12], [6, 10], [6], [6], [6], [6, 8], [6], [6], [6], [6], [6, 9], [7], [7], [7], [7], [7, 10], [7], [7, 14], [7], [7], [7], [7], [7], [7, 11], [7], [7], [7], [7, 17], [8], [8, 12], [8], [8], [8], [8], [8], [8], [8], [8], [8], [9, 19], [9], [9], [9], [9], [9, 13], [9, 10], [9], [9], [10, 21], [10], [10], [10, 11], [10], [10], [10], [10], [10, 11], [10], [10, 20], [10], [10], [10], [10], [10], [10], [10, 12], [10], [10], [10], [10], [10], [10, 18], [10], [10], [10], [10], [10, 13], [10], [10], [10], [10], [10], [11], [11], [11], [11], [11, 17], [11], [11], [11], [11, 14], [11], [11], [12], [12], [12], [12, 14], [12], [12], [12], [12], [12], [12], [12], [12], [12], [12], [13], [13], [13], [13], [13], [14], [14], [14], [14], [14], [14], [14], [14], [14], [14], [14], [14], [14], [14], [14], [14], [15], [15], [15], [15], [15], [15], [15], [15], [15], [16], [16], [16], [16], [16], [16], [16], [16], [16], [16], [16], [17], [17], [17], [17], [17], [17], [17], [17], [17], [17], [18], [18], [19, 22], [19], [19], [19], [19], [19], [19], [19], [19], [19], [19], [20], [20], [21], [21], [21], [21], [21], [22], [22], [22], [22], [22], [22], [22], [22], [23], [23], [23], [23], [23], [23], [23], [23], [23], [23], [23], [23], [23], [5], [6, 16], [12], [12], [12], [12]]}